-41.90993669652381
-22.363021878556655
-15.628849200865558
-13.377789629460302
-5.53285365755436
9.165988017528438
63.587478794765296
61.88234029760351
61.62816688821186
58.114271013698705
69.5823924336466
55.01442812500754
59.78289374038965
59.79927631448566
60.74346353745399
60.30212332694403
54.322155826631935
66.18387156316554
54.81360331796653
67.91462643465493
61.53520445559795
58.10990863922441
57.28082846632848
50.19312305639808
61.284191933454224
57.22443483376167
57.52209791789452
47.615378442500266
59.43762356874067
62.494466163256824
62.01262174262276
56.68243565531448
59.46878710661161
54.87037372288373
64.14394741309223
53.943314578558784
56.15957833567129
67.25478301706704
54.82510045500628
56.53947481977908
56.085759566571994
61.75458529886868
57.86196935985717
59.17811067923855
60.70001013875201
61.03736242383408
64.03939376538814
58.00525782095114
53.875736894474045
56.09331891587935
59.4547568796319
59.569399599990966
56.71345096752823
59.25451275470356
56.74769652655813
63.97477045265598
61.86860659244121
62.036431919170234
58.38264184985504
61.54637595733463
59.63457816411779
63.12334869124655
60.901806712858765
50.292498403439346
61.977668519063926
55.88455039590286
60.2076812628579
55.758180014909186
60.014820027655034
52.32428951397111
55.18781319794264
52.83233539782426
46.985456157436055
56.942561346890095
63.810081028771435
58.912567743662656
53.70205695113399
51.44489604575793
60.75325776473801
45.529772376680434
53.602910511306256
58.48222936656482
58.05191386976609
62.744560853420325
62.978810359787744
61.30686286534473
61.41567942970239
54.62241597691706
54.120590873797966
56.97378897548382
56.22819075070438
60.54326900518111
59.34839671238636
53.92093793236066
59.34420209045687
59.09587783438619
56.717061346257104
53.986316326683536
60.16850428528171
59.56807580197637
57.44353825018431
62.51537139631789
62.92846167701646
58.54078700867249
51.415180875000075
59.31787029711801
65.67069706779536
59.19144651718524
60.84197644610661
52.79141012678156
60.954769913307004
64.51928777512317
61.770118196277444
62.173230668561885
57.58797653221943
58.126350826422765
57.3901257851879
63.64507801242969
59.478557870941586
54.91398000557286
60.782852824294245
66.2988787064541
62.623322395437086
59.4190175651358
63.76463016587465
59.08776164833689
62.229991550452546
61.34044393773195
60.3724435932391
57.72669701304209
55.5563254021729
62.290429468750276
63.35778056766041
60.05688123772852
61.21235768035766
60.7250287501504
64.85012349670457
59.876100017210895
59.3856324355506
64.29111029133394
61.9702568138256
63.19902799221067
61.41281369321514
59.57589139945534
63.63065141463545
62.53728440670579
63.73582719744493
65.88875412844743
64.94516664767774
61.556651147736076
60.558190876233866
60.24745075638056
58.29233965462433
60.43778272762865
55.98125908836566
61.293306112599865
58.43927269428386
61.23947756543833
64.32775123292424
59.2402658020379
61.415556139545515
60.99127345091644
63.70911520043398
64.67038695281566
63.55538474289546
64.08123444813924
64.4774353926982
65.2712385307687
59.41541388181698
60.20598610916641
64.91409115754408
57.983368815514645
65.00162823829088
63.54167421203649
66.94688021983409
62.12956475106378
53.47514373756519
61.07697218261892
62.034927639344815
68.90803450102685
64.62249502529545
66.04430810711929
59.936817424300045
59.10516658236544
60.44932359803157
67.31553203214425
62.49569239449046
65.04977777020248
60.01398640233698
62.93535008044371
65.57655319738163
60.831868570682126
59.80651467537197
64.0517159258976
61.676725969893354
62.223743516361964
61.956228263819746
63.94460754816051
59.03343797049019
66.27507712601994
63.07806777896282
62.24516009317789
56.416859761563444
58.41571452679539
60.70932928702095
63.051246613997506
61.05850502144894
66.95938029972604
66.79077609400265
61.48379055480036
56.60910919043041
59.855804366664955
64.76444256773284
63.94052176495024
60.02440192473586
62.73384653975567
60.947786781936884
61.53015578507524
61.795312400583256
63.44358439666588
56.63069952384879
62.502786014311404
65.35772035717382
61.626237257954195
58.98086237722892
62.41237955225709
60.7576358710144
66.68854746367239
64.05914871451
63.70871657639121
60.109579726700524
62.677398971151945
62.4908472090067
59.60324963960642
59.550711869640516
59.52926185921533
63.58587747198374
61.1239639714222
65.47040053724291
61.34334884155154
59.24584585553676
62.19233656691892
62.76526013944918
62.59755400872091
62.89075585351627
62.916281456029786
64.88587640686212
62.66746251106379
62.15086649681131
63.67414472821837
61.651724689298625
64.72821176570557
62.65560913334096
64.01118195525099
62.95670028484407
65.35833474102353
60.24137202761486
64.00694896827699
59.20827450639432
63.68719761199317
58.626018287072654
61.86532204528339
64.11634694220653
60.91914984199296
68.34680503001145
62.24421873976631
61.79080706307432
62.99740200027397
62.90254210272881
57.959561485424636
61.088977376110655
63.75843116766482
64.32177266412957
60.31834456094997
60.53732212348696
60.512747700659865
64.22841008349012
59.787319452781226
57.52088594489866
62.19182617258146
63.37854298640426
62.13097140397004
62.264394398557485
60.70563090314318
64.41071195183903
59.94398155340362
60.235862118040195
58.089345635352466
62.20844008012985
63.321390384270735
63.0405509908863
61.15809523901553
62.36098011551391
61.998360867410284
61.07837066296293
62.57605246206707
60.317371888435446
65.34843688885982
62.42741058313987
57.83204751637143
64.35841374187487
62.48548725343426
64.27903039252227
63.20837914815214
62.825056605945186
64.28279760336979
61.22410197819603
62.48740015742757
63.943181109488556
61.719008176296484
60.24460934678403
60.853672751418586
63.91698005441964
65.64628857597127
59.93539680587128
61.18594788361806
60.60423701310065
62.98288893238253
61.797745802244755
60.781194279280314
61.31944231859525
63.31158097604202
61.4642737254544
60.389149010747346
61.51189723982049
63.69496899517447
64.29576173652507
64.13708086964519
58.74790376885017
62.84384647273691
62.77379116266384
60.87849771582115
63.075712094393865
62.516277193543644
65.2431011368763
60.909714805884384
63.48151976091856
63.35705401163334
61.37372282995105
61.93496978537878
64.60197338623499
62.15182162859371
63.32212532735478
62.821687940333504
61.608582665071665
61.594790989904624
63.57368061371962
61.26432083315837
60.59942375698495
62.88358851724383
62.384429022704715
62.39114432222266
63.4359971312709
63.59972553187981
63.07426763869589
63.56151581038139
64.32532463281993
61.654361796809276
63.76311734884512
63.68756098982704
63.906500879035846
62.60604245845267
59.270153668487914
61.134063891410676
60.33607875474652
63.018191160501026
62.910546403780856
60.53454396041342
63.1474551356223
58.280520936644955
61.324222611533095
62.02829087003677
60.482360217085564
58.294136379414695
65.05036722372164
59.484529569111075
63.04479063350572
63.56267983412447
61.88917477719951
60.662977781077885
63.07012237453795
62.765052254391286
61.41841628169904
61.32797039056701
61.61643353902618
62.82871241264316
61.38936801784634
63.43478776475337
61.391984191490344
63.53459049587836
59.808749019363304
61.093189897510456
63.835296388886256
62.78222575330752
63.332609656907145
61.61615888476759
66.26812233609769
60.88722958352446
63.364495021298836
61.71480019829857