0.12076062709093094
0.05733896791934967
0.06318480521440506
0.06736454367637634
0.058667391538619995
0.05823701620101929
0.06942013651132584
0.03542501851916313
0.03788924962282181
0.030638884752988815
0.04528175666928291
0.03840044513344765
0.036134541034698486
0.0375952422618866
0.0330599844455719
0.03158669173717499
0.02740403078496456
0.03248684108257294
0.03468436747789383
0.02219047211110592
0.028429973870515823
0.029253223910927773
0.0331856869161129
0.03424132615327835
0.03105202317237854
0.02874692901968956
0.03565431386232376
0.02758767455816269
0.023319527506828308
0.03439757972955704
0.027655307203531265
0.03217434883117676
0.031246930360794067
0.025459131225943565
0.03711285442113876
0.03587108850479126
0.03071087785065174
0.03445517271757126
0.03249455243349075
0.03471388667821884
0.04109196737408638
0.033920690417289734
0.030587365850806236
0.029801292344927788
0.03175335377454758
0.027610037475824356
0.03204655647277832
0.03448934108018875
0.02456304244697094
0.02761041186749935
0.04034511744976044
0.03510522097349167
0.02649582363665104
0.02944803610444069
0.03492181375622749
0.03170802444219589
0.029458466917276382
0.037308234721422195
0.02845054678618908
0.029915757477283478
0.032325152307748795
0.021723631769418716
0.03161031752824783
0.025096844881772995
0.037296392023563385
0.02521943300962448
0.029760921373963356
0.03865232318639755
0.026016538962721825
0.032203659415245056
0.023077499121427536
0.03098967671394348
0.04206177964806557
0.03555458411574364
0.026156261563301086
0.0332820825278759
0.03206188976764679
0.03633742034435272
0.030387207865715027
0.03922063112258911
0.03590673953294754
0.03989400342106819
0.030148234218358994
0.023666825145483017
0.030362501740455627
0.029070764780044556
0.02849997952580452
0.03239525109529495
0.039148878306150436
0.034699779003858566
0.041371703147888184
0.0328032523393631
0.0261856596916914
0.023678848519921303
0.029899487271904945
0.023595616221427917
0.03729916736483574
0.029144112020730972
0.022680416703224182
0.03055267222225666
0.033333152532577515
0.04535066336393356
0.021720997989177704
0.031932588666677475
0.02773108147084713
0.03324463590979576
0.02298067696392536
0.0277218259871006
0.03712562844157219
0.02474396303296089
0.036664653569459915
0.026135297492146492
0.03681234270334244
0.025098105892539024
0.02830043062567711
0.024852458387613297
0.03477076441049576
0.027955947443842888
0.020915230736136436
0.029079755768179893
0.030577177181839943
0.021381627768278122
0.030744828283786774
0.03181760013103485
0.024934984743595123
0.023226648569107056
0.029281580820679665
0.02496788650751114
0.029131989926099777
0.03813480585813522
0.03633494675159454
0.024900102987885475
0.025851411744952202
0.03940226510167122
0.027224943041801453
0.02825157903134823
0.03477470204234123
0.035422977060079575
0.028081389144062996
0.02737424336373806
0.038287125527858734
0.023474721238017082
0.02649209275841713
0.020130695775151253
0.030466917902231216
0.03040802665054798
0.04158486798405647
0.03277457505464554
0.021177658811211586
0.023287175223231316
0.034057993441820145
0.036864109337329865
0.025512242689728737
0.024847151711583138
0.034649305045604706
0.023753440007567406
0.02512647584080696
0.03022134117782116
0.030213922262191772
0.030294770374894142
0.030349833890795708
0.03655320033431053
0.03298910707235336
0.027350831776857376
0.029106982052326202
0.024585122242569923
0.03129936009645462
0.03441501781344414
0.024574780836701393
0.03565457835793495
0.03086593747138977
0.029080966487526894
0.022781027480959892
0.020204439759254456
0.04113832488656044
0.038229700177907944
0.02517566829919815
0.027377527207136154
0.03232767805457115
0.032949820160865784
0.03226549178361893
0.0330912247300148
0.030760597437620163
0.02304913103580475
0.026372743770480156
0.025226591154932976
0.027428526431322098
0.027093306183815002
0.037855103611946106
0.02644949220120907
0.02575642615556717
0.026209741830825806
0.03312035650014877
0.025370657444000244
0.024447521194815636
0.03628907352685928
0.029508346691727638
0.03596092388033867
0.03473419323563576
0.03846612945199013
0.037748150527477264
0.02737780474126339
0.01872016116976738
0.02742632105946541
0.028521131724119186
0.030052313581109047
0.030643993988633156
0.03299644961953163
0.034755367785692215
0.037636950612068176
0.029541287571191788
0.022081946954131126
0.024227330461144447
0.025192392989993095
0.031213581562042236
0.02958023175597191
0.03512505441904068
0.025144197046756744
0.03131905198097229
0.03459351509809494
0.02686949260532856
0.027113620191812515
0.0265820175409317
0.02407168038189411
0.02374165505170822
0.028929682448506355
0.03683558478951454
0.034394871443510056
0.031436074525117874
0.03341396525502205
0.036102067679166794
0.03843281790614128
0.034466423094272614
0.04007716476917267
0.023739496245980263
0.025797463953495026
0.026370376348495483
0.02942201867699623
0.032792381942272186
0.025404874235391617
0.031071003526449203
0.026411747559905052
0.0431315079331398
0.022404275834560394
0.02511664852499962
0.022569773718714714
0.028882471844553947
0.02974148839712143
0.034685228019952774
0.019860602915287018
0.02929583005607128
0.02206500619649887
0.035266052931547165
0.03329529985785484
0.024786360561847687
0.02923295460641384
0.029437536373734474
0.022093700245022774
0.03199071064591408
0.03382709622383118
0.030961422249674797
0.02767288126051426
0.030970288440585136
0.026742352172732353
0.03013133816421032
0.04462820291519165
0.024414371699094772
0.03535807505249977
0.03750332072377205
0.023961901664733887
0.03514350950717926
0.03111659549176693
0.02735711634159088
0.020788392052054405
0.023063475266098976
0.028126198798418045
0.03212651610374451
0.03551221638917923
0.030137766152620316
0.031054019927978516
0.024210678413510323
0.030832070857286453
0.02445320412516594
0.02635069191455841
0.023442795500159264
0.04318344593048096
0.03065546788275242
0.02765887789428234
0.0216025672852993
0.028458906337618828
0.03436398133635521
0.029198018833994865
0.028727244585752487
0.02536889538168907
0.03238915279507637
0.0364767424762249
0.029460376128554344
0.032719843089580536
0.032752323895692825
0.032056793570518494
0.02898918278515339
0.0331079326570034
0.03485476225614548
0.028132328763604164
0.03046083077788353
0.030417010188102722
0.030766362324357033
0.03180718049407005
0.028938796371221542
0.02547706477344036
0.025615110993385315
0.027391942217946053
0.02691534347832203
0.021891910582780838
0.023576218634843826
0.02974323183298111
0.032193124294281006
0.022675585001707077
0.034525733441114426
0.023094218224287033
0.02967521920800209
0.031281858682632446
0.022470053285360336
0.02606123685836792
0.0379660427570343
0.0285815242677927
0.0333731546998024
0.042275320738554
0.029938064515590668
0.03209420293569565
0.02624841034412384
0.03980060666799545
0.029912002384662628
0.029831107705831528
0.028432227671146393
0.02804543636739254
0.03474366292357445
0.03174491971731186
0.03576802834868431
0.03800464794039726
0.0352402962744236
0.035771287977695465
0.027292663231492043
0.025409052148461342
0.03703103959560394
0.028927018865942955
0.028033362701535225
0.034266725182533264
0.024736234918236732
0.032263461500406265
0.028316762298345566
0.026445498690009117
0.021875280886888504
0.041801512241363525
0.021354351192712784
0.02491828054189682
0.03286154940724373
0.036596570163965225
0.03017984703183174
0.03160915523767471
0.034161750227212906
0.024995241314172745
0.0272029060870409
0.03092140704393387
0.035940565168857574
0.02023204043507576
0.03524942696094513
0.0296299010515213
0.039816807955503464
0.0417054258286953
0.025431890040636063
0.032652873545885086
0.0251921359449625
0.04025781899690628
0.024389132857322693
0.025247907266020775
0.030408047139644623
0.02866574563086033
0.033526092767715454
0.02972342260181904
0.0314330980181694
0.03101496584713459
0.04346770793199539
0.029623279348015785
0.03323296830058098
0.028653612360358238
0.02472170628607273
0.026714297011494637
0.029153574258089066
0.03816692531108856
0.03131071478128433
0.03403151407837868
0.022004641592502594
0.0342533215880394
0.026883643120527267
0.02941211313009262
0.02988388016819954
0.024240661412477493
0.029431458562612534
0.037115808576345444