-0.010770320892333984
-0.038588523864746094
-0.04737889766693115
-0.03877878189086914
-0.02689075469970703
0.06457310914993286
0.4053831100463867
0.5506015717983246
0.5611684620380402
0.56819087266922
0.4833071827888489
0.5798201858997345
0.5718251466751099
0.5682435035705566
0.5670332908630371
0.5569109916687012
0.5932484269142151
0.5176521837711334
0.5825946927070618
0.5110409259796143
0.5558875799179077
0.5838814675807953
0.5770107507705688
0.5942974090576172
0.5706685185432434
0.567238450050354
0.5786906182765961
0.6001473367214203
0.5756136476993561
0.5451804995536804
0.5583406090736389
0.5771956741809845
0.567560613155365
0.5833357274532318
0.5400230586528778
0.5967262983322144
0.5795356929302216
0.5125826001167297
0.585761308670044
0.5801236927509308
0.5884771645069122
0.5692996382713318
0.5726700127124786
0.5775636434555054
0.5595825910568237
0.5729512870311737
0.5359894931316376
0.5657740533351898
0.5907983779907227
0.5893556475639343
0.5738122165203094
0.5653094351291656
0.5625022947788239
0.5676265954971313
0.5857318937778473
0.5460355281829834
0.5566472709178925
0.5493445992469788
0.5891709625720978
0.5633507966995239
0.5639747381210327
0.5418453514575958
0.5567156672477722
0.6003950536251068
0.5586523711681366
0.5766911208629608
0.5679814517498016
0.5917856693267822
0.5615029633045197
0.5843858122825623
0.5823550224304199
0.587991863489151
0.596062421798706
0.5821759700775146
0.5558431446552277
0.5628365278244019
0.5889636874198914
0.5620591342449188
0.5758728682994843
0.6007609367370605
0.5969112813472748
0.5600157976150513
0.576276421546936
0.5378753542900085
0.5529466569423676
0.561445564031601
0.562875509262085
0.5771947503089905
0.5818951427936554
0.5765627026557922
0.5799588561058044
0.5668874680995941
0.5656683146953583
0.5855928659439087
0.5843624770641327
0.5786304175853729
0.566392570734024
0.5875569581985474
0.5753388702869415
0.5833231508731842
0.5780315399169922
0.5542955696582794
0.5573643743991852
0.5745438039302826
0.5930602550506592
0.5664097666740417
0.5494705736637115
0.5842721164226532
0.5725803971290588
0.5985326766967773
0.5729723572731018
0.5580811202526093
0.5680871605873108
0.560936450958252
0.5967793166637421
0.5830147862434387
0.5825948715209961
0.5691120028495789
0.5877361595630646
0.6043078601360321
0.5833266973495483
0.5288732349872589
0.5837571918964386
0.5927358567714691
0.5717090666294098
0.5918729603290558
0.5825429260730743
0.5656827688217163
0.5871586799621582
0.6007450819015503
0.5997992157936096
0.5790247619152069
0.5671427845954895
0.5637625157833099
0.5896540880203247
0.5827726423740387
0.559210330247879
0.5849610567092896
0.5883273780345917
0.57619908452034
0.5816289782524109
0.5708769857883453
0.5871908962726593
0.5915032923221588
0.5809715092182159
0.582385241985321
0.5732315480709076
0.5495517253875732
0.5634465515613556
0.5733981430530548
0.5864201784133911
0.5974683463573456
0.5952022969722748
0.5952244997024536
0.6065742373466492
0.5823511481285095
0.5962972640991211
0.5870574116706848
0.5651979148387909
0.5978327691555023
0.5847076177597046
0.5906525254249573
0.5761668980121613
0.5754802227020264
0.5775473117828369
0.5762611031532288
0.5683175325393677
0.5641562044620514
0.6040186285972595
0.5962873101234436
0.5697908103466034
0.610657125711441
0.5555840730667114
0.5814917981624603
0.5434934496879578
0.5897588431835175
0.6161839962005615
0.591911643743515
0.5792284309864044
0.5195060968399048
0.572351723909378
0.5460776686668396
0.5957012474536896
0.5970586538314819
0.58964404463768
0.5424387753009796
0.5831784307956696
0.5583729147911072
0.5855673849582672
0.5792787075042725
0.5588628947734833
0.5787658095359802
0.5990716218948364
0.5779550969600677
0.5890618562698364
0.5779511034488678
0.583694338798523
0.575819730758667
0.5918899476528168
0.5586073100566864
0.5765421986579895
0.5780499875545502
0.6054597198963165
0.6016439199447632
0.5906425416469574
0.5738628506660461
0.5899114608764648
0.5549220144748688
0.5424895286560059
0.5896624028682709
0.5979502499103546
0.5955727100372314
0.5678740739822388
0.5739690065383911
0.5932954847812653
0.584871768951416
0.5926938951015472
0.5692654848098755
0.5842483937740326
0.5772258937358856
0.6074778139591217
0.5827567875385284
0.5583574175834656
0.5890322327613831
0.6001731753349304
0.5833297371864319
0.5824039280414581
0.5428189337253571
0.5637095868587494
0.5771788656711578
0.5996932983398438
0.5825584828853607
0.5841308832168579
0.5954140424728394
0.5964058637619019
0.6002950668334961
0.575778067111969
0.586424320936203
0.5616461038589478
0.5899848341941833
0.5976201295852661
0.5799232125282288
0.5835628509521484
0.5782711207866669
0.591133713722229
0.5853896737098694
0.5594598352909088
0.5795155167579651
0.5884357988834381
0.5754380226135254
0.5811184644699097
0.5716668963432312
0.5800527930259705
0.5689030289649963
0.5789296925067902
0.5533424913883209
0.591520220041275
0.5805616974830627
0.5960549712181091
0.5823495984077454
0.5983656048774719
0.5841160118579865
0.5720540583133698
0.5852743983268738
0.5301731824874878
0.5779687464237213
0.585784375667572
0.5779474973678589
0.5810891091823578
0.602378249168396
0.5884348154067993
0.5710426270961761
0.5746767818927765
0.5921031534671783
0.5876608192920685
0.5956924855709076
0.563359260559082
0.593159943819046
0.6047680079936981
0.5833509564399719
0.5700620412826538
0.5846368968486786
0.5859129130840302
0.588115006685257
0.5703333020210266
0.591358095407486
0.5926963984966278
0.5896444916725159
0.5841786563396454
0.5814670622348785
0.5838733017444611
0.5929269194602966
0.5886832177639008
0.5909823179244995
0.5908966660499573
0.5821772217750549
0.5912143588066101
0.5632981956005096
0.5771805942058563
0.6076616942882538
0.5729443728923798
0.5780852138996124
0.5667602717876434
0.5795435607433319
0.5766070485115051
0.5715432465076447
0.5876210629940033
0.5771461427211761
0.572042852640152
0.5896846055984497
0.5941023528575897
0.594575971364975
0.5796283483505249
0.5572883188724518
0.5954801440238953
0.5885282754898071
0.5963325500488281
0.5815436542034149
0.5881330072879791
0.590431272983551
0.5856511890888214
0.5788355469703674
0.5889416933059692
0.5943957269191742
0.5924310982227325
0.574675589799881
0.5653922259807587
0.5752083957195282
0.6001022160053253
0.5820382535457611
0.5808326601982117
0.5919820368289948
0.579015702009201
0.5845545828342438
0.5630627572536469
0.590529054403305
0.5794791281223297
0.5734992921352386
0.5857919454574585
0.5834409594535828
0.5626858770847321
0.5845604538917542
0.5801272988319397
0.5802039504051208
0.5880720615386963
0.5913646817207336
0.5763605535030365
0.5891013443470001
0.5891355872154236
0.5750687718391418
0.5815414190292358
0.5833589434623718
0.5784660279750824
0.5785632729530334
0.5792626738548279
0.5760326087474823
0.5685040652751923
0.5882332026958466
0.5759895145893097
0.5722565054893494
0.5726215243339539
0.5805698931217194
0.5973028540611267
0.5828728675842285
0.5974805057048798
0.5779617726802826
0.5751838982105255
0.5909480154514313
0.5774627923965454
0.6033397018909454
0.5858751535415649
0.5821108520030975
0.5903780460357666
0.5998706221580505
0.5548007786273956
0.5956388711929321
0.5796428024768829
0.5771333277225494
0.5830540060997009
0.5937095880508423
0.5783680379390717
0.5769793689250946
0.5894339084625244
0.5886204242706299
0.5911733508110046
0.5785419046878815
0.5871812999248505
0.566688597202301
0.5887585878372192
0.5687501728534698
0.5929374992847443
0.5897039473056793
0.5721037685871124
0.58098503947258
0.5785087645053864
0.5833348035812378
0.5494350790977478
0.5879295468330383
0.5747724175453186
0.5823835730552673