0.20053476
0.20327556
0.20413397
0.20329419
0.20212756
0.19291605
0.15380912
0.1337147
0.1321333
0.13107182
0.14337705
0.1292948
0.13051908
0.13106383
0.13124739
0.13277273
0.12721199
0.13852991
0.1288672
0.13947606
0.13292599
0.12866841
0.12972632
0.12704784
0.13069525
0.1312163
0.12946847
0.12612855
0.12994038
0.13451879
0.13255838
0.12969796
0.13116744
0.12875277
0.13527933
0.12666698
0.12933855
0.139256
0.12837745
0.12924808
0.12795593
0.13090342
0.13039024
0.1296415
0.13237186
0.13034733
0.13587117
0.1314381
0.12759453
0.12781927
0.13021587
0.13150841
0.13193235
0.13115744
0.128382
0.13439228
0.13281225
0.13390158
0.12784801
0.13180435
0.13171014
0.13501109
0.13280201
0.12608948
0.13251157
0.12977532
0.1311036
0.12744053
0.13208295
0.12859042
0.1289042
0.12803134
0.12677118
0.12893182
0.13293263
0.13188195
0.12788026
0.13199915
0.12990068
0.12603174
0.1266379
0.13230674
0.12983887
0.13559479
0.13336538
0.1320916
0.13187607
0.1296981
0.12897514
0.129795
0.12927344
0.13126948
0.13145411
0.12840354
0.12859403
0.12947771
0.13134445
0.1280989
0.12998244
0.1287547
0.1295697
0.13316402
0.1327048
0.13010405
0.1272414
0.13134187
0.13388287
0.128608
0.13040392
0.12638296
0.13034411
0.1325973
0.13108756
0.13216823
0.12665865
0.12880234
0.12886718
0.13093194
0.12807107
0.12547065
0.12875415
0.1369091
0.12868762
0.12729211
0.13053676
0.12742689
0.12887518
0.13145192
0.12816073
0.12603424
0.12618345
0.1294171
0.13123079
0.13174221
0.12777282
0.12883973
0.13242778
0.1285014
0.1279792
0.12985072
0.12901619
0.13066351
0.12815574
0.12748459
0.12911752
0.12889953
0.13030455
0.13387081
0.1317899
0.13027911
0.12827532
0.12655038
0.12690608
0.1269026
0.1251108
0.12890479
0.12673433
0.12817647
0.13152528
0.12649308
0.12854062
0.12761728
0.12985565
0.12996079
0.129644
0.12984122
0.13105258
0.13168274
0.12551649
0.1267359
0.13082877
0.12445992
0.1329714
0.12903734
0.13476804
0.1277565
0.123573385
0.12742086
0.1293858
0.13826343
0.1304388
0.13438605
0.12682785
0.12661476
0.12777439
0.13492364
0.12877706
0.13255352
0.1284075
0.12937807
0.13247997
0.12945691
0.1262981
0.12958144
0.12786499
0.12958205
0.12869734
0.12990883
0.12742424
0.13251835
0.12979814
0.12956685
0.12528789
0.1258923
0.12761883
0.13020813
0.12773274
0.13307041
0.13491614
0.12777153
0.1264746
0.126848
0.13111988
0.13019192
0.12720463
0.12851521
0.12729868
0.13090862
0.12861167
0.12969331
0.124967046
0.12884218
0.13255584
0.1278696
0.12612447
0.12875369
0.12889665
0.13486758
0.1317502
0.12970053
0.12620014
0.1288728
0.12862985
0.12687288
0.12671728
0.12610526
0.12991521
0.12827466
0.13206138
0.12772131
0.1265265
0.12927893
0.12871766
0.1295329
0.12754226
0.12843503
0.1323903
0.12934166
0.12796235
0.12996726
0.12909488
0.13054319
0.12925899
0.1309637
0.12943172
0.13330632
0.12748195
0.12918064
0.12677234
0.12890504
0.12640926
0.12863214
0.13048418
0.1284529
0.13672009
0.12957934
0.12837388
0.12958258
0.1290994
0.1257762
0.12796251
0.13063829
0.13008372
0.12739095
0.12808277
0.12682922
0.13180307
0.12722583
0.12539767
0.1287504
0.13078752
0.12855157
0.12835395
0.12801221
0.13074626
0.12750725
0.12729828
0.12777431
0.12862246
0.12904115
0.12866968
0.12726225
0.12792388
0.12756586
0.12757921
0.12893163
0.12752967
0.13181229
0.12970026
0.12493777
0.13034837
0.12956144
0.13128877
0.12933734
0.1297882
0.13056204
0.12808895
0.12970555
0.13048589
0.12776805
0.12707838
0.12700422
0.1293243
0.1327162
0.12686253
0.12794799
0.1267288
0.12902935
0.12800941
0.12765175
0.12839451
0.1294462
0.12788367
0.12703246
0.12733974
0.1300839
0.1314959
0.13000241
0.12613566
0.12895307
0.12913892
0.12740986
0.1294185
0.1285643
0.13184781
0.12763652
0.12934723
0.13026367
0.1283727
0.1287365
0.13190466
0.12856339
0.12924753
0.12923573
0.12801889
0.12750621
0.12982598
0.12785885
0.12785351
0.13002376
0.12902969
0.12874918
0.12950297
0.12948804
0.12938054
0.12987623
0.13102427
0.12799384
0.12988281
0.13045333
0.13039765
0.12917939
0.12657638
0.12882426
0.12654845
0.12958041
0.13000615
0.12757121
0.12965697
0.12562405
0.12835981
0.12894186
0.12766005
0.1261722
0.13308853
0.12683763
0.12932207
0.12970752
0.12879628
0.12713985
0.12951802
0.12973112
0.1278071
0.12793365
0.12753607
0.12949131
0.12815723
0.13129963
0.12791215
0.13098691
0.1272606
0.12776506
0.13047661
0.12911545
0.1294964
0.1287529
0.13388814
0.12804103
0.13006909
0.1288998